141017240
141017241
141017320
141017321
141017460
208017535
208017536
208017537
208017556
208017557
208017576
208017577
208017595
208017596
208017597
208017635
208017676
208017677
208017695
208017696
208017716
208017757
208017775
208017776
208017817
208017835
208017836
208017837
208017855
208017856
208017857
208017875
208017877
208017915
208017916
208017935
208017936
208017937
208017955
206018074
208017957
208017977
208017995
208017996
208017997
208018015
208018016
208018017
208018035
208018036
208018055
208018057
208018076
208018077
208018096
208018115
208018117
208018136
208018156
208018157
208018176
208018196
208018197
208018215
208018217
208018235
208018255
208018256
208018295
208018296
208018315
208018317
208018336
208018339
208018340
208018355
208018375
209017159
209017178
209017198
209017199
209017218
209017239
209017279
209017298
209017299
209017318
209017338
209017339
209017358
209017379
209017398
209017418
209017419
209017438
209017478
209017479
209017498
209017518
209017519
209017520
209017558
209017578
209017579
209017619
209017638
209017659
209017678
209017699
209017718
209017738
209017758
209017779
209017798
209017818
209017819
209017858
209017859
209017860
209017878
211016181
211016182
211016200
211016201
211016202
211016220
211016221
211016222
211016240
211016241
211016242
211016260
211016261
211016262
211016280
211016281
211016282
211016300
211016301
211016302
211016320
211016321
211016322
211016340
211016341
211016342
211016380
211016381
211016382
211016400
211016401
211016402
211016420
211016421
211016440
211016461
211016462
211016480
211016521
209017898
211016540
211016542
211016580
211016582
211016600
211016601
211016602
211016664
211016665
211016680
211016700
211016701
211016702
211016721
211016722
211016740
211016742
211016760
211016761
211016800
211016801
211016820
211016821
211016822
211016840
211016841
211016842
211016860
211016861
211016862
211016880
211016881
211016882
211016900
211016901
211016920
211016921
211016922
211016941
211016942
491016693
491016733
491016753
491016793
491016813
491016833
491016853
491016873
223016893
223017213
223017273
223017293
223017333
223017353
223017373
223017413
223017433
223017453
223017473
223017533
223017573
221016640
221016641
211016960
211016961
211016962
211016980
211016981
211016982
211017001
211017002
211017040
211017041
211017060
211017061
211017080
231018553
231018554
231018555
231018713
491016913
491016973
491016993
491017033
491017073
491017093
491017153
498016121
498016122
498016360
498016362
498016560
498016561
498017020
502017336
502017376
502017396
502017416
502017457
502017476
502017496
502017497
502017516
502017517
502017536
502017556
502017558
502017576
502017577
502017636
502017696
502017716
502017756
502017796
502017856
502017896
502017936
502017956
502017996
502018016
503017876
502018036
502018076
502018096
502018136
502018156
502018177
502018196
506017558
506017598
506017657
506017658
506017678
506017697
506017698
506017717
506017718
506017739
506017758
506017777
506017778
506017779
506017799
506017817
506017818
506017819
506017838
506017859
506017877
506017897
506017898
506017899
506017917
506017919
506017938
506017939
506017958
506017959
506017977
506017978
506017979
506017999
506018038
506018039
506018057
506018077
506018078
506018079
506018137
506018160
506018177
506018178
506018197
506018198
506018217
506018238
506018257
506018278
506018297
506018357
506018358
506018377
506018397
506018418
506018437
506018459
506018477
506018497
506018517
532018934
532018953
532018972
522018145
522018343
522018344
522018364
522018384
523018443
523018444
528017364
532018974
532018992
532018993
532019012
532019013
532019032
532019033
532019034
532019072
532019073
532019092
532019093
532019094
532019112
532019113
532019153
532019154
532019192
532019193
532019194
532019213
532019232
532019233
532019234
532019252
532019253
532019272
532019273
532019274
532019292
532019293
532019294
532019352
532019353
532019354
532019372
532019373
532019393
532019394
532019432
532019433
532019434
532019452
532019454
532019492
532019493
532019494
532019512
532019513
532019532
532019533
532019534
532019553
532019554
532019572
532019573
532019574
532019593
532019594
532019692
532019693
532019712
532019713
532019714
532019732
532019733
532019793
532019794
532019812
532019813
532019814
532019834
532019852
532019853
532019854
532019872
532019873
532019874
532019892
532019912
539016106
539016124
539016126
539016144
539016145
539016146
539016164
539016165
539016166
539016184
539016185
539016186
539016204
539016205
539016206
539016224
539016225
539016226
539016244
539016245
539016246
539016264
539016265
539016266
539016284
539016285
539016286
539016304
539016305
539016306
539016324
539016325
532019913
532019932
532019933
532019973
532019974
532019992
532019993
532019994
539016344
539016346
539016364
539016365
539016366
539016384
539016385
539016404
539016405
539016406
539016424
539016444
539016446
539016464
539016465
539016466
539016484
539016485
539016486
539016504
539016505
539016506
539016526
539016544
539016545
539016546
539016584
539016585
539016586
539016587
539016604
539016605
539016606
539016624
539016625
539016626
539016644
539016645
539016646
539016664
539016665
539016666
539016684
539016704
539016705
539016724
539016744
539016745
539016746
539016765
539016766
539016767
539016768
539016769
539016784
539016785
539016884
539016885
539016886
539016925
539016926
539016944
539016945
539016946
539016964
539016965
539016966
539016984
539016985
539016986
539017004
539017005
539017006
539017024
539017025
539017026
539017044
539017045
539017064
539017065
539017066
539017084
539017085
539017086
539017104
539017105
540016674
540016695
540016714
540016734
540016735
540016774
540016775
540016794
540016814
540016815
540016834
540016835
540016854
540016855
540016874
540016875
540016894
540016895
540016914
540016915
540016955
540016994
540016995
540017015
540017054
540017074
540017075
540017094
540017114
540017134
540017135
540017154
540017155
540017194
541016975
541017034
541017035
540017214
540017234
540017254
540017294
540017314
540017334
540017354
540017374
540017375
540017395
540017434
540017435
540017454
540017455
541017475
540017494
540017495
540017514
540017534
540017535
540017554
540017555
540017574
540017575
540017594
540017595
540017614
540017615
540017634
540017635
540017655
541017674
541017675
540017715
540017734
545017684
545017723
546017483
546017504
546017563
546017564
546017584
546017603
546017604
546017623
546017643
546017663
546017664
546017703
546017704
545017724
546017744
546017764
546017783
546017785
546017786
546017806
546017807
546017827
546017843
546017844
546017845
546017863
545017943
545017984
545018003
545018005
545018123
545018124
545018183
545018184
545018185
545018303
545018305
545018343
545018344
545018345
546017864
546017884
546017904
546017963
546018023
546018024
546018043
546018044
546018045
546018063
546018064
546018084
546018085
546018087
546018103
546018146
546018147
546018148
546018163
546018164
546018204
546018224
546018244
546018265
546018284
546018323
546018324
546018363
546018364
546018383
546018384
546018403
546018423
546018464
546018503
546018523
548018960
547019001
547019783
547019784
548019020
548019040
548019041
548019060
548019061
548019080
548019081
548019100
548019120
548019141
548019160
548019161
548019240
548019261
548019280
548019281
548019282
548019300
548019301
548019320
548019321
548019340
548019341
548019360
548019380
548019382
548019400
548019401
548019421
548019422
548019461
548019462
548019480
548019482
548019501
548019502
548019522
548019542
548019560
548019561
548019580
548019600
548019601
548019621
548019622
548019640
548019641
548019642
548019662
548019680
548019681
548019682
548019700
548019741
548019742
548019760
548019762
548019800
548019801
548019840
548019841
548019860
548019881
548019882
548019920
548019940
548019982
548020001
548020020
550017379
550017380
550017420
550017439
550017440
550017479
550017480
550017499
550017520
550017540
550017560
550017579
550017580
550017600
550017619
550017639
550017679
550017700
550017740
550018020
550018021
550018099
550018100
550018101
552017517
554017511
554017532
554017591
554017631
554017651
554017671
554017672
554017691
554017692
554017711
554017712
554017731
554017732
554017771
554017772
554017791
554017792
554017793
554017811
554017812
554017813
554017814
554017815
554017831
554017835
554017836
554017851
554017852
554017853
554017872
554017873
554017893
554017911
554017912
554017913
554017931
554017932
554017933
554017971
554017972
554017973
554017991
554017992
554017993
554018011
554018012
554018031
554018051
554018053
554018073
554018091
554018093
554018111
554018112
554018113
554018115
554018132
554018151
554018153
554018171
554018173
554018213
554018232
554018252
554018253
554018271
583018191
554018272
554018273
554018291
554018292
554018293
554018312
554018313
554018331
554018333
554018371
554018391
554018393
554018412
554018431
554018432
554018433
554018434
554018436
554018437
554018451
554018453
554018454
554018473
688017803
688017842
688017844
688017902
688017903
688017904
688017922
688017923
688017924
688017962
688017964
556017393
556017394
556017413
556017433
556017434
689017784
689017882
689017884
688017982
688017984
688018003
688018004
688018022
688018023
688018024
688018062
688018063
688018064
688018065
688018066
688018103
688018104
688018123
688018124
688018142
688018143
688018144
688018202
688018223
688018264
688018362
688018363
688018364
688018422
688018425
688018427
688018443
688018444
688018503
688018504
688018522
688018524
688018562
688018623
688018662
689017942
689017943
689017944
689018043
689018044
689018083
689018084
689018182
689018242
689018243
689018244
689018282
689018284
689018303
689018322
689018324
689018382
689018383
689018384
689018402
689018403
689018463
689018464
689018482
689018483
689018484
689018543
689018544
689018682
689018702
689018762
695018064
695018284
695018384
695018385
695018584
695018664
695018665
695018684
695018705
696017985
696018025
696018045
696018084
696018104
696018105
696018164
696018204
696018205
696018225
696018244
696018245
696018264
696018265
696018304
696018305
696018344
696018364
696018365
696018404
696018425
696018444
696018445
696018465
696018485
696018524
696018545
696018564
696018565
696018604
696018605
696018625
696018644
696018645
695018724
695018744
695018745
695018805
696018825
696018844
696018845
696018864
696018884
696018885
696018904
696018925
696018964
696018984
696019004
703017453
703017455
703017473
703017493
703017514
703017515
703017534
703017574
703017575
703017594
703017595
703017615
703017655
703017693
703017694
703017695
703017713
703017714
703017715
703017754
703017755
703017774
703017775
703017793
703017794
703017853
703017873
703017875
703017893
703017894
703017914
712017423
712017424
717019052
717019053
717019054
717019172
717019173
717019174
717019412
717019414
717019632
717019633
717019634
717019653
717019654
717019952
717019953
717019954
717020012
703017915
703017917
703017919
703017920
703017921
703017937
703017954
703017955
703017973
703017975
703018035
703018155
703018174
703018175
703018193
703018195
703018213
703018234
703018235
703018273
724017733
727017864
727017865
727017866
727017884
727017885
727017886
727017904
727017905
727017906
727017924
727017925
727017926
727017944
727017945
727017946
727017964
727017966
727017985
727017986
727018004
727018005
727018025
727018026
727018044
727018045
727018046
727018065
727018066
727018084
727018085
727018086
727018104
727018105
727018124
727018125
727018126
727018144
724017873
724017874
725018033
727018145
727018146
727018164
727018165
727018166
727018184
727018185
727018186
727018204
727018205
727018206
727018224
727018225
727018244
727018245
727018246
727018264
727018265
727018266
727018284
727018285
727018286
727018305
727018344
727018345
727018346
727018364
727018365
727018366
727018385
727018386
727018404
727018406
727018425
727018426
727018444
727018445
727018446
727018465
727018466
727018484
727018504
727018505
727018524
727018525
727018526
727018545
727018564
727018565
727018584
727018604
727018605
727018624
727018644
727018645
727018646
727018664
727018665
727018685
727018686
727018705
727018706
727018724
727018725
727018726
727018744
727018745
727018764
727018765
727018766
727018785
727018786
727018804
727018805
727018806
727018824
727018825
727018826
727018844
727018845
735016820
735016862
735016880
735016900
735016901
735016940
735016941
735016960
735016981
735017000
735017020
735017021
735017040
735017060
735017061
735017080
735017100
735017120
735017140
735017141
735017160
735017181
735017200
735017220
735017280
735017281
735017300
735017340
727018846
727018847
727018848
727018884
729016978
729017018
729017039
729017058
729017079
729017098
729017118
729017119
735017361
735017400
735017401
735017420
735017440
735017441
735017480
735017560
735017561
735017580
735017600
735017601
735017640
735017641
735017660
735017680
735017681
735017720
735017740
735017761
735017781
735017800
735017820
773016971
773016993
773017012
773017013
773017031
773017032
773017033
773017051
773017052
773017053
773017071
773017072
773017073
773017091
773017092
773017093
773017111
773017112
773017113
773017131
773017132
773017133
773017151
773017152
773017171
773017191
773017192
773017193
773017211
773017212
773017213
773017231
773017232
773017233
773017251
773017252
773017253
773017254
773017255
773017271
773017272
773017273
773017292
773017293
773017312
773017313
773017331
773017332
773017351
773017352
773017371
773017372
773017373
773017391
773017392
773017393
773017412
773017413
773017431
773017432
773017451
773017471
773017473
773017491
773017492
773017493
773017511
773017512
773017513
773017531
773017532
773017533
773017552
773017553
773017571
773017572
773017573
773017611
773017612
773017613
773017631
773017632
773017633
773017651
773017652
773017653
773017671
773017672
773017673
773017692
773017693
773017712
773017713
773017731
773017732
773017733
773017771
773017773
773017791
773017792
773017793
773017811
773017812
773017813
773017831
773017832
773017851
773017852
773017853
773017873
773017892
773017893
773017912
773017913
773017933
773017934
773017935
773017936
773017937
773017952
773017953
773017973
773017993
828017785
828017804
828017823
828017843
828017844
828017863
828017883
828017885
828017903
828017904
828017925
828017943
828017945
828017965
828017983
828018004
828018005
828018023
828018024
828018025
828018043
828018045
828018063
828018064
828018065
828018083
828018084
828018104
828018105
828018124
828018125
828018163
828018165
828018204
828018205
828018223
828018224
828018225
828018263
828018264
828018265
828018283
828018284
828018285
828018303
828018304
828018305
828018323
828018324
828018404
828018423
828018424
828018425
828018448
830015962
830015982
829016841
829016842
834017356
834017377
834017395
834017396
834017397
834017415
834017416
834017417
834017435
834017455
834017475
834017476
834017477
834017495
834017497
828018464
828018483
828018484
835017383
835017402
835017403
835017423
835017424
835017442
835017443
835017444
835017462
835017463
835017464
835017482
835017483
835017502
835017523
835017542
835017543
835017544
835017563
835017564
835017603
835017604
835017622
835017624
835017643
835017664
835017682
835017683
835017702
835017703
835017722
835017723
835017724
835017742
835017762
835017763
835017764
835017782
835017783
835017802
835017803
835017804
835017822
835017823
835017843
835017844
835017883
835017884
835017902
835017904
835017942
835017943
835017962
835017963
835017964
835017984
835018002
835018003
835018022
835018023
835018024
835018042
835018043
835018062
835018063
835018064
835018083
835018084
835018103
835018122
835018123
835018124
835018143
835018163
835018164
835018182
835018183
835018184
835018203
835018222
835018223
835018224
835018243
835018262
835018263
835018264
835018282
835018302
835018303
835018322
835018323
835018342
835018343
835018344
835018362
835018363
835018364
835018382
835018383
835018422
837017334
837017335
837017353
837017354
837017355
837017373
837017374
837017375
838017734
838017735
838017753
838017754
838017755
838017773
838017774
838017775
838017794
838017795
838017814
838017833
838017835
838017854
838017873
838017874
838017893
838017894
838017895
838017913
838017914
838017933
838017954
838017973
838017993
838017994
838018013
838018053
838018054
838018074
838018075
838018115
838018133
838018134
838018135
838018153
838018154
838018155
838018173
838018234
838018253
838018273
838018275
838018295
838018313
838018314
838018333
838018334
838018395
838018453
838018454
838018455
838018473
838018475
838018494
838018495
838018513
838018515
838018533
838018534
838018574
838018593
838018595
838018613
838018614
838018633
838018634
838018635
838018653
838018654
899017751
899017753
896018504
896018524
896018543
896018563
896018564
896018584
896018585
896018603
896018605
896018623
896018625
896018643
896018644
896018645
896018663
896018664
896018665
896018683
896018684
896018685
896018704
896018705
896018723
896018743
896018744
896018745
896018764
896018765
896018785
896018786
896018787
896018788
896018803
838018655
838018673
838018675
838018694
838018696
900016565
900016804
900016805
900016806
900016824
900016825
900016826
900016844
900016845
900016846
900016864
900016865
900016866
900016904
900016905
914019312
914019314
914019612
914019614
914019672
914019673
914019674
914019752
914019753
914019754
923017719
923017759
923017779
923017800
923017801
923017819
923017820
923017821
923017841
923017879
923017880
923017881
913018053
921016998
921016999
923017899
923017901
923017920
923017921
923017940
923017941
923017961
923017979
923017980
923017981
923018001
923018039
923018040
923018041
923018079
923018080
923018119
923018120
923018121
923018140
923018141
923018160
923018161
923018180
923018181
923018199
923018240
923018260
923018261
923018279
923018280
923018281
923018319
923018320
923018321
923018340
923018359
923018360
923018361
923018379
926016002
926016020
926016040
926016041
926016042
926016060
926016061
926016081
926016082
926016100
926016102
926016140
926016141
926016160
926016161
932017045
932017065
932017085
932017123
932017124
932017125
932017143
932017145
932017163
932017165
932017183
932017184
932017185
932017223
932017224
932017244
932017263
932017265
932017283
932017285
932017303
932017305
932017323
932017324
923018380
932017325
932017343
932017345
932017364
932017383
932017384
932017404
932017443
932017465
932017483
932017485
932017503
932017504
932017505
932017525
932017545
932017564
932017585
932017604
932017605
932017623
932017624
932017643
932017645
932017663
932017664
932017703
932017723
932017724
932017725
932017727
932017728
932017743
932017745
932017765
932017783
932017784
932017785
932017803
932017804
932017805
932017843
932017844
932017845
932017863
932017864
932017865
932017884
932017885
932017903
932017904
932017943
932017944
932017945
932017963
932017965
932018003
932018005
932018023
932018024
932018025
932018026
932018027
932018043
932018044
932018063
932018064
971017375
971017393
971017415
971017454
971017473
971017474
971017475
971017493
971017494
971017495
971017513
971017514
971017534
971017535
971017553
971017554
971017573
971017594
971017595
971017613
971017614
971017633
971017634
971017635
971017654
971017673
971017674
971017675
971017693
971017713
971017714
971017753
971017793
971017794
971017813
971017913
971017914
971017953
971017954
971017973
971017975
971017993
971017994
971018013
971018014
971018015
971018053
971018054
971018055
971018073
971018075
971018093
971018094
972017823
972017825
972017924
972017925
972017983
972017984
995017826
995017845
995017846
971018095
971018113
971018134
971018153
971018173
971018174
971018193
971018213
971018233
971018253
971018273
971018274
971018293
971018294
971018295
971018333
971018335
971018353
971018373
971018374
971018413
971018414
971018415
971018434
971018454
141018040
141018340
141018341
141018360
208018357
208018377
208018396
208018397
208018415
208018416
208018417
208018435
208018436
208018437
208018456
208018457
208018476
208018477
208018478
208018479
208018480
208018498
208018499
208018500
208018518
208018519
208018520
208018538
208018540
208018558
208018559
208018560
208018578
208018579
208018580
208018598
208018619
208018638
208018639
206018658
208018640
208018658
208018659
208018660
208018680
208018699
208018700
208018738
208018758
208018760
208018761
208018781
208018782
208018801
208018802
208018822
208018840
208018880
208018901
208018920
208018981
208019000
208019020
208019021
208019040
208019060
208019061
208019080
208019081
208019100
208019140
208019141
208019160
208019180
208019181
208019182
208019201
208019241
208019260
208019281
209017899
209017938
209017978
209017979
209017998
209017999
209018000
209018019
209018039
209018040
209018059
209018079
209018099
209018119
209018139
209018159
209018160
209018179
209018199
209018200
209018219
209018239
209018240
209018279
209018280
209018299
209018319
209018320
209018339
209018360
209018379
209018419
209018439
209018440
209018441
209018479
209018480
209018519
209018520
209018559
211017042
211017062
211017100
211017101
211017121
211017122
211017141
211017142
211017160
211017162
211017180
211017181
211017182
211017200
211017201
211017220
211017240
211017241
211017260
211017261
211017262
211017280
211017281
211017282
211017301
211017302
209018579
209018619
209018620
209018660
209018679
209018699
209018700
209018740
209018759
209018799
209018800
209018819
209018839
209018859
211017320
211017340
211017342
211017360
211017361
211017362
211017380
211017382
211017420
211017421
211017422
211017440
211017441
211017460
211017461
211017462
211017480
211017500
211017501
211017540
211017541
211017542
211017561
211017600
211017601
211017602
211017621
211017622
211017641
211017642
211017680
211017702
211017721
211017741
211017760
211017761
211017762
211017780
211017800
211017801
223017593
223017633
223017653
223017693
223017733
223017793
223017853
223017893
223017913
223017973
223017993
211017802
211017820
211017822
211017840
211017841
211017860
211017861
211017900
211017902
211017921
211017922
211017940
211017942
211017960
211017961
211017962
211017980
211017981
211017982
211018000
211018001
211018002
211018041
211018042
211018101
211018140
211018141
211018142
211018162
223017994
223018014
223018054
223018094
223018134
223018154
223018174
223018214
223018234
223018274
223018294
223018314
223018374
223018394
223018474
223018534
223018554
223018574
223018594
498017400
498017401
498017402
502018276
502018336
502018356
506018537
506018557
506018577
506018597
506018617
506018637
506018677
506018697
506018698
532020014
532020032
528018785
231018714
231018715
231019244
532020033
532020034
532020052
532020053
532020054
532020072
532020074
532020092
532020093
532020094
532020095
532020096
532020097
532020116
532020117
532020137
532020155
532020157
532020176
532020215
532020216
532020239
532020240
532020255
532020256
532020257
532020275
532020276
532020277
532020295
532020296
532020297
532020315
532020316
532020375
532020376
532020377
532020378
532020440
532020478
532020498
532020518
532020520
532020538
532020540
532020560
532020600
532020618
532020620
532020639
532020658
532020659
532020660
532020681
532020682
532020683
532020698
532020699
532020700
532020718
532020719
532020741
532020742
532020759
532020778
532020779
532020780
532020799
532020800
532020878
532020879
532020880
532020898
532020901
532020902
532020903
532020919
532020940
532020958
532020959
539017106
539017124
539017125
539017144
539017145
539017146
539017164
539017165
539017166
539017184
539017185
539017186
539017224
539017225
539017226
539017244
539017245
539017246
539017264
539017266
539017287
539017288
539017293
539017294
539017295
539017304
539017305
539017306
539017324
539017325
539017326
539017344
539017345
539017346
539017364
539017365
539017404
532020960
532020978
532020980
539017405
539017406
539017424
539017425
539017444
539017445
539017446
539017484
539017485
539017504
539017505
539017506
539017507
539017508
539017509
539017547
539017548
539017549
539017567
539017568
539017569
539017588
539017589
539017607
539017608
539017609
539017627
539017628
539017629
539017630
539017631
539017632
539017647
539017648
539017649
539017650
539017651
539017652
539017667
539017668
539017669
539017687
539017688
539017689
539017707
539017708
539017709
539017727
539017728
539017729
539017747
539017748
539017767
539017787
539017807
539017827
539017828
539017829
539017847
539017848
539017849
539017867
539017887
539017888
539017889
539017907
539017908
539017909
539017927
539017928
539017929
539017947
539017948
539017949
539017950
539017951
539017952
539017967
539017968
539017969
539017971
539017987
539017988
539017989
539018027
539018028
539018029
539018047
539018048
539018049
540017694
540017714
540017735
540017755
540017774
540017775
540017814
540017816
540017876
540017877
540017896
540017897
540017916
540017917
540017936
540017937
540017957
540017996
540017997
540018016
540018017
540018037
540018056
540018057
540018076
540018077
540018117
540018137
540018157
540018216
540018217
540018236
540018237
540018256
540018257
540018276
540018277
540018316
540018317
540018336
540018337
540018357
540018377
540018396
540018397
540018416
540018436
540018437
540018456
540018457
540018496
540018497
540018516
540018537
540018556
540018557
540018576
540018577
540018596
540018597
540018616
540018617
540018636
540018637
540018656
540018676
540018677
540018716
540018717
540018756
541017977
541018096
541018176
541018177
541018197
541018296
541018697
540018776
540018777
543018717
543018737
543018738
545018584
545018585
545018663
545018664
545018683
545018704
545018744
545018783
545018784
545018803
545018823
545018863
545018883
545018905
545018925
545018926
545018965
545018985
545019026
545019045
545019066
545019105
545019106
545019125
545019145
545019146
545019165
545019185
546018544
545019186
545019205
545019225
545019265
545019285
545019305
545019345
545019365
545019385
545019465
545019485
545019505
548020021
548020041
548020042
548020061
548020062
548020080
548020100
548020102
548020127
548020146
548020147
547020166
547020167
547020168
550018479
550018480
550018822
550018823
550018824
550019002
550019003
550019004
554018493
554018512
554018513
554018532
554018533
554018551
554018553
554018555
554018556
554018574
554018594
554018615
554018616
554018634
554018635
554018654
554018655
554018656
554018674
554018675
554018695
554018696
554018714
554018716
554018734
554018755
554018756
554018775
554018776
554018794
554018795
554018797
554018814
554018815
554018816
554018817
554018819
554018837
554018839
554018858
554018859
554018877
554018878
554018879
554018899
554018917
554018919
554018937
554018938
554018939
554018957
554018958
554018977
554018997
554018998
554018999
554019017
554019018
554019019
554019039
554019057
554019058
554019078
554019079
554019080
554019098
554019099
554019117
554019118
554019119
554019138
554019139
554019157
554019158
554019159
554019177
554019178
554019237
554019238
554019239
554019258
554019259
554019278
554019279
554019297
583019197
583019218
554019317
554019319
554019337
554019338
554019339
554019340
554019341
554019342
554019357
554019358
554019359
554019377
554019378
554019379
554019397
554019398
554019399
554019417
554019418
554019419
554019438
688018802
688018822
688018823
688018842
688018844
688018923
688018924
688018943
688018963
688018964
688018983
688019023
688019044
688019063
688019083
688019084
688019103
689018883
689018884
689019003
689019004
688019123
688019143
688019164
689019183
689019203
689019204
689019243
689019263
689019264
689019265
688019283
688019303
688019304
688019323
688019343
688019344
688019363
688019383
689019403
688019423
688019424
688019443
688019464
689019483
689019503
689019504
688019544
688019583
688019584
688019603
695019187
695019266
695019267
695019488
695019587
695019606
696018965
696019024
696019045
696019084
696019085
696019086
696019106
696019107
696019146
696019147
696019166
696019206
696019226
696019227
696019286
696019306
696019307
696019326
696019346
696019347
696019366
696019387
696019426
696019446
696019487
696019507
696019508
696019526
696019547
696019566
696019626
696019627
696019646
696019666
696019707
695019728
696019747
696019748
696019767
696019786
696019806
696019807
696019826
703018313
703018333
703018374
703018394
703018413
703018414
703018435
703018453
703018493
703018573
703018574
703018594
703018653
703018699
703018740
703018760
703018761
703018767
703018819
703018820
703018860
703018919
703018920
703018959
703018961
703018979
703018999
703019000
703019019
703019021
703019039
703019040
703019042
703019079
703019082
703019099
703019101
717020458
717020460
717020838
717020839
717020858
717020859
717020999
717021000
703019119
703019121
703019139
703019141
703019159
703019179
703019180
727018864
727018865
727018925
727018945
727018965
727018966
724018575
724018576
724018577
724018596
724018597
724018615
724018616
724018617
724018675
724018695
724018696
724018697
724018715
724018716
724018717
725018938
725018939
725019339
725019340
727018967
727018968
727018969
727018987
727018988
727019127
727019128
727019129
727019147
727019148
727019149
727019167
727019168
727019169
727019187
727019188
727019189
727019207
727019208
727019209
727019227
727019228
727019229
727019230
727019231
727019232
727019233
727019234
727019235
727019255
727019274
727019293
727019294
727019295
727019313
727019314
727019315
727019333
727019335
727019354
727019355
727019357
727019358
727019373
727019374
727019375
727019376
727019378
727019393
727019394
727019395
727019413
727019414
727019453
727019454
727019473
727019494
727019495
727019513
727019514
727019515
727019533
727019534
727019535
727019553
727019554
727019555
727019573
727019574
727019575
727019593
727019614
727019615
727019633
727019634
727019635
727019654
727019655
727019656
727019657
727019659
727019660
727019661
727019674
727019675
727019693
727019694
727019695
727019713
727019714
727019733
727019734
727019754
727019755
727019774
727019775
727019793
727019795
732018755
732018757
732018775
732018776
732018795
732018796
732018797
732018819
732018820
732018838
732018839
732018840
732018858
732018859
732018860
732018879
732018880
732018898
732018899
732018960
732018999
732019018
735017821
735017840
732019019
732019020
732019038
732019039
732019078
732019079
732019080
732019099
732019100
732019118
732019119
732019158
732019159
732019160
732019178
732019179
732019180
732019200
732019201
732019202
732019203
732019238
732019239
732019240
732019258
732019259
732019260
732019298
732019299
732019300
732019301
732019302
732019303
732019379
732019380
732019418
732019419
732019420
735017860
735017880
735017900
735017920
735017940
735017941
735017960
735017980
735017981
735018000
735018020
735018060
735018061
735018080
735018100
735018101
735018120
735018140
735018141
735018160
735018180
735018181
735018200
735018220
735018221
735018240
735018260
735018261
735018280
735018300
735018301
735018320
735018380
735018381
735018420
735018421
735018440
773017951
773017971
773017992
773018011
773018012
773018013
773018031
773018032
773018033
773018051
773018053
773018071
773018072
773018073
773018091
773018092
773018093
773018111
773018112
773018131
773018132
773018133
773018134
773018151
773018152
773018172
773018173
773018191
773018193
773018211
773018212
773018213
773018231
773018232
773018233
773018251
773018252
773018253
773018271
773018272
773018273
773018312
773018313
773018331
773018332
773018333
773018351
773018352
773018353
773018354
773018376
773018395
773018396
773018414
773018415
773018416
773018435
773018436
773018454
773018455
773018456
773018476
773018494
773018496
773018514
773018534
773018535
773018555
773018574
773018594
773018595
773018596
773018614
773018615
773018634
773018635
773018636
773018674
773018676
773018695
773018696
773018714
773018715
773018716
773018734
773018735
773018736
773018774
773018775
773018776
773018795
773018796
773018814
773018815
773018817
773018818
773018819
773018854
773018855
773018856
773018875
773018894
773018895
773018896
773018934
773018935
773018936
773018955
773018974
773018975
773018976
773018996
835018384
835018404
835018423
835018442
835018482
835018483
835018502
835018504
835018544
835018563
835018583
835018584
835018623
835018643
835018663
835018664
835018703
835018704
835018723
835018743
835018763
835018783
835018784
835018825
835018845
835018846
835018865
835018885
835018945
835018946
835018965
835018985
835018986
835019005
835019026
835019065
835019066
835019085
835019086
835019105
835019125
835019146
835019165
835019185
835019186
835019225
835019245
835019247
835019265
835019266
835019306
838018697
838018698
838018734
838018735
838018753
838018773
838018775
838018793
838018795
838018796
838018798
838018818
838018836
838018837
838018838
838018856
838018877
838018896
838018897
838018917
838018918
838018958
838018976
838018977
838018978
838018997
838018998
838019037
838019057
838019058
838019059
838019060
838019061
838019082
838019083
838019084
838019102
838019104
838019125
838019126
838019127
838019142
838019143
838019144
838019163
838019164
838019184
838019205
838019206
838019207
838019223
838019224
838019263
838019282
838019283
838019323
838019343
838019344
838019362
838019363
838019364
838019383
838019384
838019402
838019403
838019404
838019422
838019423
838019424
838019442
838019443
838019462
838019463
838019482
838019484
838019503
838019504
838019523
838019542
838019544
896018804
896018823
896018824
896018825
896018844
896018864
896018865
896018883
896018884
896018886
896018887
896018888
896018908
896018927
896018928
896018929
896018931
896018947
896018948
896018966
896018967
896018968
896018987
896018988
896019007
896019008
896019026
896019046
896019067
838019562
838019563
838019564
838019567
838019583
838019603
838019622
838019642
838019643
838019644
838019664
900017204
900017205
915017384
915017385
900019008
900019010
899018291
899018292
899018293
899018754
899018755
899018756
899018914
899018915
914020199
914020335
914020336
914020337
914020355
914020356
914020357
914020401
914020403
914020418
914020420
914020578
914020580
896019068
896019086
896019087
896019107
896019108
896019126
896019127
896019149
896019150
896019151
896019166
896019167
896019168
915017464
915017465
915017466
915017527
915017528
915018008
923018401
923018420
923018422
923018423
923018424
923018441
923018460
923018499
923018501
923018519
923018521
923018541
923018559
923018560
923018561
923018581
923018599
923018600
923018619
923018620
923018621
923018639
923018640
923018641
923018659
923018660
923018661
923018679
923018680
923018681
923018699
923018700
923018720
916018639
923018721
923018740
923018779
923018780
923018781
923018783
923018784
923018804
923018842
923018844
923018862
923018864
923018882
923018883
923018884
923018902
923018904
923018923
923018943
923018944
923018962
923018963
923018964
923018983
923019022
923019024
923019043
923019062
923019063
923019064
923019082
923019084
923019103
923019104
923019122
923019124
923019142
923019163
923019164
923019182
932018065
932018103
932018104
932018105
932018123
932018165
932018166
932018186
932018206
932018208
932018226
932018227
932018228
932018246
932018247
932018267
932018268
932018286
932018287
932018288
932018307
932018326
923019203
923019224
923019242
923019244
923019262
923019263
923019264
923019266
923019267
923019282
923019303
923019304
923019322
923019343
923019344
923019364
923019382
923019384
932018366
932018386
932018406
932018446
932018447
932018509
932018549
932018554
932018555
932018568
932018569
932018589
932018590
932018608
932018610
932018628
932018649
932018668
932018669
932018670
932018690
932018748
932018749
932018768
932018770
932018789
932018790
932018808
932018809
932018848
932018849
932018850
932018868
932018869
932018871
932018872
932018891
932018908
932018950
932018968
934017660
934017661
934017662
934017880
934017882
934018060
934018061
934018062
934018080
934018120
934018122
932018970
932018989
958020210
958020230
958020231
958020287
958020288
958020308
958020327
958020346
958020348
958020387
958020406
958020506
958020527
958020549
958020551
958020586
958020609
958020610
958020626
958020627
958020628
958020646
958020667
958020706
958020707
958020708
958020727
972018083
972018084
958020728
958020748
958020766
958020787
958020808
958020826
958020868
958020986
958020987
958021027
971018453
971018475
971018493
971018494
971018495
971018513
971018514
971018535
971018553
971018555
971018556
971018557
971018736
971018737
971018816
971018919
971019060
971019139
971019140
971019278
971019280
971019318
971019319
971019341
971019358
971019359
971019399
971019400
972018144
973018468
973018469
973018488
972018551
972018552
972018553
972018710
972018730
972018874
972018888
972018889
981018777
981018778
981018797
981018817
981018837
981018858
981018877
981018897
981018898
981018917
981018977
981018978
981018997
981019018
981019037
981019057
981019058
981019097
981019117
981019118
981019137
981019158
981019177
982019217
982019237
982019257
982019277
982019297
982019317
982019397
982019417
982019437
982019457
982019517
982019537
995018849
995018850
995018904
995018905
995018906
995019007
995019009
995019027
995019028
995019029
995019047
995019048
995019049
995019067
995019068
995019069
995019087
995019088
995019107
995019108
